0
SECTION
2
HEADER
9
$INSUNITS
70
4
9
$ACADVER
1
AC1014
9
$HANDSEED
5
FFFF
0
ENDSEC
0
SECTION
2
TABLES
0
TABLE
2
VPORT
5
8
100
AcDbSymbolTable
0
ENDTAB
0
TABLE
2
LTYPE
5
5
100
AcDbSymbolTable
0
LTYPE
5
14
100
AcDbSymbolTableRecord
100
AcDbLinetypeTableRecord
2
BYBLOCK
70
0
0
LTYPE
5
15
100
AcDbSymbolTableRecord
100
AcDbLinetypeTableRecord
2
BYLAYER
70
0
0
LTYPE
5
16
100
AcDbSymbolTableRecord
100
AcDbLinetypeTableRecord
2
DASHED
70
0
3
Dashed __ __ __ __ __ __ __ __ __ __ __ __ __ _
72
65
73
2
40
0.75
49
0.5
74
0
49
-0.25
74
0
0
ENDTAB
0
TABLE
2
LAYER
5
2
100
AcDbSymbolTable
70
2
0
LAYER
5
50
100
AcDbSymbolTableRecord
100
AcDbLayerTableRecord
2
0
70
0
62
7
6
CONTINUOUS
0
ENDTAB
0
TABLE
2
STYLE
5
3
100
AcDbSymbolTable
70
1
0
STYLE
5
11
100
AcDbSymbolTableRecord
100
AcDbTextStyleTableRecord
2
STANDARD
70
0
0
ENDTAB
0
TABLE
2
VIEW
5
6
100
AcDbSymbolTable
70
0
0
ENDTAB
0
TABLE
2
UCS
5
7
100
AcDbSymbolTable
70
0
0
ENDTAB
0
TABLE
2
APPID
5
9
100
AcDbSymbolTable
70
2
0
APPID
5
12
100
AcDbSymbolTableRecord
100
AcDbRegAppTableRecord
2
ACAD
70
0
0
ENDTAB
0
TABLE
2
DIMSTYLE
5
A
100
AcDbSymbolTable
70
1
0
ENDTAB
0
TABLE
2
BLOCK_RECORD
5
1
100
AcDbSymbolTable
70
1
0
BLOCK_RECORD
5
1F
100
AcDbSymbolTableRecord
100
AcDbBlockTableRecord
2
*MODEL_SPACE
0
BLOCK_RECORD
5
1B
100
AcDbSymbolTableRecord
100
AcDbBlockTableRecord
2
*PAPER_SPACE
0
ENDTAB
0
ENDSEC
0
SECTION
2
BLOCKS
0
BLOCK
5
20
100
AcDbEntity
100
AcDbBlockBegin
2
*MODEL_SPACE
0
ENDBLK
5
21
100
AcDbEntity
100
AcDbBlockEnd
0
BLOCK
5
1C
100
AcDbEntity
100
AcDbBlockBegin
2
*PAPER_SPACE
0
ENDBLK
5
1D
100
AcDbEntity
100
AcDbBlockEnd
0
ENDSEC
0
SECTION
2
ENTITIES
0
LWPOLYLINE
5
100
100
AcDbEntity
8
0
100
AcDbPolyline
90
14
70
1
43
0.0
10
266.05624999999998
20
-72.09599432675995
42
0.41421356237316265
10
266.55624999999998
20
-71.595994326759978
10
266.55624999999998
20
-58.595994326759957
42
0.41421356237313667
10
266.05625000000009
20
-58.09599432675995
10
243.53125000000006
20
-58.095994326759985
42
0.41421356237308982
10
243.03125
20
-58.595994326759957
10
243.03125
20
-71.595994326759978
42
0.41421356237309503
10
243.53125000000006
20
-72.09599432675995
10
244.11824999999999
20
-72.09599432675995
10
244.11825000000005
20
-72.595994326759921
42
0.41421356237316787
10
244.61825000000002
20
-73.095994326759964
10
250.61824999999999
20
-73.095994326759936
42
0.4142135623730846
10
251.11825000000005
20
-72.595994326759936
10
251.11824999999999
20
-72.095994326759978
0
LWPOLYLINE
5
101
100
AcDbEntity
8
0
100
AcDbPolyline
90
8
70
1
43
0.0
10
230.83750000000009
20
-58.595994326759957
42
0.41421356237304818
10
230.33750000000001
20
-58.095994326759957
10
217.33750000000001
20
-58.095994326759921
42
0.41421356237304818
10
216.83750000000003
20
-58.595994326759957
10
216.83750000000006
20
-71.595994326759978
42
0.4142135623730534
10
217.33750000000001
20
-72.095994326759993
10
230.33750000000001
20
-72.095994326759936
42
0.41421356237309503
10
230.83750000000006
20
-71.595994326759978
0
LWPOLYLINE
5
102
100
AcDbEntity
8
0
100
AcDbPolyline
90
8
70
1
43
0.0
10
187.47499999999999
20
-14.945994326759976
42
0.41421356237314316
10
187.97499999999999
20
-14.445994326759973
10
187.97499999999999
20
-1.4459943267599764
42
0.4142135623731466
10
187.47499999999999
20
-0.94599432675996842
10
174.47500000000005
20
-0.94599432675998263
42
0.41421356237313162
10
173.97500000000005
20
-1.4459943267599784
10
173.97500000000002
20
-14.445994326759969
42
0.41421356237318996
10
174.47500000000005
20
-14.945994326759983
0
LWPOLYLINE
5
103
100
AcDbEntity
8
0
100
AcDbPolyline
90
8
70
1
43
0.0
10
7.2875000000000014
20
-33.495994326759977
42
0.4142135623730957
10
7.7875000000000005
20
-33.995994326759977
10
20.787500000000001
20
-33.995994326759977
42
0.41421356237309243
10
21.287500000000001
20
-33.495994326759984
10
21.287500000000001
20
-20.495994326759966
42
0.41421356237310281
10
20.787499999999994
20
-19.99599432675998
10
7.7874999999999961
20
-19.995994326759977
42
0.41421356237309309
10
7.2875000000000156
20
-20.49599432675997
0
LWPOLYLINE
5
104
100
AcDbEntity
8
0
100
AcDbPolyline
90
8
70
1
43
0.0
10
78.72499999999998
20
-14.445994326759967
42
0.41421356237308071
10
79.22499999999998
20
-14.945994326759969
10
92.224999999999994
20
-14.945994326759973
42
0.41421356237309631
10
92.725000000000023
20
-14.44599432675998
10
92.725000000000023
20
-1.4459943267599744
42
0.41421356237310186
10
92.224999999999994
20
-0.94599432675996853
10
79.22499999999998
20
-0.94599432675997519
42
0.4142135623730972
10
78.724999999999994
20
-1.4459943267599784
0
LWPOLYLINE
5
105
100
AcDbEntity
8
0
100
AcDbPolyline
90
44
70
1
43
0.0
10
280.34375000000006
20
-51.958994326759971
42
0.41421356237315748
10
280.84375
20
-51.458994326759978
10
280.84375
20
-45.458994326759978
42
0.41421356237313667
10
280.34375000000006
20
-44.958994326759971
10
279.75675000000001
20
-44.958994326759964
10
279.75675000000001
20
-43.520994326759961
10
280.34375
20
-43.520994326759961
42
0.41421356237316787
10
280.84375
20
-43.020994326759961
10
280.84375
20
-30.02099432675999
42
0.41421356237314189
10
280.34375
20
-29.520994326759983
10
278.46249999999998
20
-29.520994326759986
10
278.46249999999998
20
-28.082994326759994
10
280.34375000000006
20
-28.082994326759973
42
0.41421356237315748
10
280.84375
20
-27.582994326759991
10
280.84375
20
-21.582994326759977
42
0.41421356237312623
10
280.34375
20
-21.082994326759948
10
278.46249999999998
20
-21.08299432675998
10
278.46250000000003
20
-20.495994326759966
42
0.41421356237307161
10
277.96249999999998
20
-19.995994326759963
10
264.96249999999998
20
-19.995994326759977
42
0.41421356237317308
10
264.46249999999998
20
-20.495994326759973
10
264.46249999999998
20
-33.495994326759984
42
0.41421356237314189
10
264.96249999999998
20
-33.995994326759998
10
266.84375
20
-33.995994326759984
10
266.84375
20
-39.045994326759967
10
245.91250000000002
20
-39.045994326759967
42
0.41421356237310802
10
245.41249999999997
20
-39.545994326759974
10
245.41250000000002
20
-52.545994326759967
42
0.41421356237312623
10
245.91250000000002
20
-53.04599432675996
10
248.88075000000001
20
-53.045994326759981
10
248.88075000000001
20
-53.54599432675996
42
0.41421356237314705
10
249.38075000000001
20
-54.045994326759981
10
255.38075000000009
20
-54.045994326759981
42
0.41421356237307944
10
255.88075000000001
20
-53.545994326759967
10
255.88075000000003
20
-53.045994326759981
10
270.81875000000002
20
-53.045994326759981
42
0.41421356237300661
10
271.31875000000002
20
-52.545994326759981
10
271.31875000000002
20
-51.958994326759992
10
272.75675000000001
20
-51.958994326759971
10
272.75675000000001
20
-53.54599432675996
42
0.41421356237310542
10
273.25675000000001
20
-54.045994326759967
10
279.25675000000007
20
-54.045994326759981
42
0.41421356237312623
10
279.75675000000001
20
-53.545994326759974
10
279.75675000000001
20
-51.958994326759978
0
LWPOLYLINE
5
106
100
AcDbEntity
8
0
100
AcDbPolyline
90
8
70
1
43
0.0
10
277.96249999999998
20
-91.145994326759947
42
0.41421356237306384
10
278.46250000000003
20
-90.645994326759961
10
278.46250000000003
20
-77.645994326759947
42
0.41421356237307944
10
277.96249999999998
20
-77.145994326759947
10
264.96249999999998
20
-77.145994326759947
42
0.41421356237315748
10
264.46249999999998
20
-77.64599432675999
10
264.46249999999998
20
-90.645994326759961
42
0.41421356237310542
10
264.96249999999998
20
-91.145994326760004
0
LWPOLYLINE
5
107
100
AcDbEntity
8
0
100
AcDbPolyline
90
11
70
1
43
0.0
10
267.99425000000002
20
-72.595994326759921
42
0.41421356237311585
10
268.49425000000002
20
-73.095994326759964
10
274.49425000000014
20
-73.095994326759964
42
0.41421356237313667
10
274.99425000000008
20
-72.595994326759936
10
274.99425000000002
20
-72.09599432675995
10
282.72500000000002
20
-72.09599432675995
42
0.41421356237315748
10
283.22500000000002
20
-71.595994326759978
10
283.22500000000002
20
-58.595994326759957
42
0.41421356237313667
10
282.72500000000014
20
-58.09599432675995
10
268.49425000000002
20
-58.09599432675995
42
0.41421356237298057
10
267.99425000000002
20
-58.595994326759957
0
LWPOLYLINE
5
108
100
AcDbEntity
8
0
100
AcDbPolyline
90
8
70
1
43
0.0
10
16.024999999999999
20
-14.94599432675998
42
0.41421356237309892
10
16.525000000000002
20
-14.445994326759974
10
16.525000000000002
20
-1.4459943267599764
42
0.41421356237309748
10
16.024999999999991
20
-0.94599432675997741
10
3.0249999999999999
20
-0.94599432675997464
42
0.4142135623730962
10
2.5250000000000128
20
-1.4459943267599784
10
2.5250000000000012
20
-14.445994326759969
42
0.41421356237308887
10
3.0249999999999844
20
-14.945994326759983
0
LWPOLYLINE
5
109
100
AcDbEntity
8
0
100
AcDbPolyline
90
8
70
1
43
0.0
10
207.02500000000003
20
-1.4459943267599766
42
0.4142135623731063
10
206.52500000000003
20
-0.94599432675995043
10
193.52500000000006
20
-0.94599432675998185
42
0.41421356237310381
10
193.02500000000003
20
-1.4459943267599784
10
193.02500000000006
20
-14.445994326759969
42
0.41421356237313017
10
193.52500000000006
20
-14.945994326759964
10
206.52500000000003
20
-14.945994326759969
42
0.41421356237309892
10
207.02500000000009
20
-14.44599432675998
0
LWPOLYLINE
5
110
100
AcDbEntity
8
0
100
AcDbPolyline
90
8
70
1
43
0.0
10
73.674999999999983
20
-1.4459943267599762
42
0.41421356237309798
10
73.174999999999983
20
-0.94599432675997297
10
60.174999999999997
20
-0.94599432675997186
42
0.41421356237310025
10
59.675000000000011
20
-1.4459943267599784
10
59.675000000000004
20
-14.445994326759974
42
0.41421356237309243
10
60.174999999999997
20
-14.945994326759989
10
73.174999999999983
20
-14.945994326759976
42
0.41421356237309503
10
73.674999999999997
20
-14.44599432675998
0
LWPOLYLINE
5
111
100
AcDbEntity
8
0
100
AcDbPolyline
90
8
70
1
43
0.0
10
97.77500000000002
20
-14.445994326759967
42
0.41421356237311191
10
98.275000000000006
20
-14.945994326759987
10
111.27500000000001
20
-14.945994326759976
42
0.41421356237308982
10
111.77500000000002
20
-14.44599432675998
10
111.77500000000002
20
-1.445994326759974
42
0.41421356237310641
10
111.27500000000001
20
-0.9459943267599864
10
98.275000000000006
20
-0.9459943267599713
42
0.41421356237303997
10
97.77500000000002
20
-1.4459943267599784
0
LWPOLYLINE
5
112
100
AcDbEntity
8
0
100
AcDbPolyline
90
8
70
1
43
0.0
10
40.624999999999993
20
-14.445994326759967
42
0.41421356237308071
10
41.125
20
-14.945994326759969
10
54.125000000000014
20
-14.945994326759982
42
0.41421356237310281
10
54.625
20
-14.44599432675998
10
54.625
20
-1.4459943267599744
42
0.41421356237305895
10
54.125000000000014
20
-0.94599432675997797
10
41.125
20
-0.94599432675997519
42
0.4142135623730972
10
40.625
20
-1.4459943267599784
0
LWPOLYLINE
5
113
100
AcDbEntity
8
0
100
AcDbPolyline
90
8
70
1
43
0.0
10
136.375
20
-0.94599432675995931
42
0.4142135623730443
10
135.87500000000003
20
-1.445994326759974
10
135.875
20
-14.445994326759967
42
0.4142135623730534
10
136.375
20
-14.945994326759983
10
149.375
20
-14.945994326759982
42
0.41421356237308982
10
149.875
20
-14.44599432675998
10
149.875
20
-1.4459943267599762
42
0.4142135623730947
10
149.375
20
-0.94599432675997075
0
LWPOLYLINE
5
114
100
AcDbEntity
8
0
100
AcDbPolyline
90
8
70
1
43
0.0
10
121.30000000000001
20
-20.495994326759966
42
0.41421356237303519
10
120.8
20
-19.995994326759956
10
107.8
20
-19.99599432675997
42
0.41421356237310542
10
107.30000000000001
20
-20.495994326759973
10
107.30000000000001
20
-33.495994326759984
42
0.41421356237312101
10
107.80000000000001
20
-33.995994326759998
10
120.8
20
-33.995994326759991
42
0.41421356237308721
10
121.29999999999998
20
-33.495994326759984
0
LWPOLYLINE
5
115
100
AcDbEntity
8
0
100
AcDbPolyline
90
8
70
1
43
0.0
10
241.15000000000006
20
-19.995994326759959
42
0.41421356237307422
10
240.65000000000001
20
-20.495994326759966
10
240.65000000000001
20
-33.495994326759977
42
0.41421356237307161
10
241.15000000000006
20
-33.995994326759998
10
254.15000000000006
20
-33.995994326759991
42
0.41421356237310281
10
254.65000000000001
20
-33.495994326759984
10
254.65000000000001
20
-20.495994326759966
42
0.41421356237306639
10
254.15000000000006
20
-19.995994326759963
0
LWPOLYLINE
5
116
100
AcDbEntity
8
0
100
AcDbPolyline
90
8
70
1
43
0.0
10
197.00000000000003
20
-33.995994326759977
42
0.41421356237313145
10
197.50000000000003
20
-33.495994326759984
10
197.5
20
-20.495994326759966
42
0.4142135623730378
10
197.00000000000003
20
-19.995994326759966
10
184.00000000000003
20
-19.995994326759966
42
0.41421356237314705
10
183.5
20
-20.495994326759973
10
183.5
20
-33.495994326759984
42
0.41421356237314966
10
184.00000000000003
20
-33.995994326759998
0
LWPOLYLINE
5
117
100
AcDbEntity
8
0
100
AcDbPolyline
90
8
70
1
43
0.0
10
49.862499999999997
20
-39.54599432675996
42
0.41421356237307161
10
49.362500000000011
20
-39.045994326759953
10
36.362499999999997
20
-39.04599432675996
42
0.41421356237309243
10
35.862499999999997
20
-39.54599432675996
10
35.862500000000018
20
-52.545994326759967
42
0.41421356237309503
10
36.362500000000004
20
-53.04599432675996
10
49.362500000000004
20
-53.04599432675996
42
0.41421356237310542
10
49.862499999999997
20
-52.545994326759981
0
LWPOLYLINE
5
118
100
AcDbEntity
8
0
100
AcDbPolyline
90
8
70
1
43
0.0
10
235.60000000000002
20
-20.495994326759966
42
0.41421356237316526
10
235.10000000000002
20
-19.99599432675998
10
222.10000000000002
20
-19.995994326759977
42
0.41421356237310281
10
221.59999999999997
20
-20.495994326759973
10
221.59999999999999
20
-33.495994326759977
42
0.41421356237310025
10
222.09999999999997
20
-33.995994326759977
10
235.10000000000002
20
-33.995994326759977
42
0.41421356237317047
10
235.60000000000002
20
-33.495994326759984
0
LWPOLYLINE
5
119
100
AcDbEntity
8
0
100
AcDbPolyline
90
20
70
1
43
0.0
10
29.869250000000001
20
-72.595994326759921
42
0.41421356237309764
10
30.369250000000001
20
-73.09599432675995
10
36.369250000000008
20
-73.09599432675995
42
0.41421356237308204
10
36.869250000000022
20
-72.59599432675995
10
36.869250000000022
20
-72.09599432675995
10
39.837499999999999
20
-72.095994326759978
42
0.4142135623730846
10
40.337500000000013
20
-71.595994326759978
10
40.33750000000002
20
-58.595994326759978
42
0.41421356237307422
10
39.837500000000006
20
-58.095994326759985
10
5.4062499999999947
20
-58.095994326759985
42
0.41421356237309698
10
4.9062500000000142
20
-58.595994326759993
10
4.90625
20
-71.595994326759978
42
0.41421356237305668
10
5.4062499999999858
20
-72.095994326759993
10
5.9932500000000033
20
-72.09599432675995
10
5.9932499999999997
20
-72.595994326759921
42
0.41421356237311063
10
6.4932500000000104
20
-73.095994326759964
10
12.493249999999998
20
-73.095994326759936
42
0.41421356237311324
10
12.993249999999996
20
-72.595994326759936
10
12.993249999999996
20
-72.095994326759978
10
29.869249999999994
20
-72.09599432675995
0
LWPOLYLINE
5
120
100
AcDbEntity
8
0
100
AcDbPolyline
90
8
70
1
43
0.0
10
140.34999999999999
20
-20.495994326759966
42
0.41421356237310802
10
139.84999999999999
20
-19.99599432675997
10
126.85000000000001
20
-19.995994326759977
42
0.41421356237308982
10
126.35000000000004
20
-20.495994326759973
10
126.34999999999999
20
-33.495994326759977
42
0.41421356237305601
10
126.85000000000001
20
-33.995994326759998
10
139.85000000000002
20
-33.995994326759977
42
0.41421356237310025
10
140.34999999999999
20
-33.495994326759984
0
LWPOLYLINE
5
121
100
AcDbEntity
8
0
100
AcDbPolyline
90
8
70
1
43
0.0
10
101.75
20
-33.995994326759977
42
0.41421356237309243
10
102.25000000000001
20
-33.495994326759977
10
102.25000000000001
20
-20.495994326759966
42
0.41421356237309764
10
101.75000000000003
20
-19.995994326759977
10
88.75
20
-19.995994326759963
42
0.41421356237304302
10
88.250000000000014
20
-20.495994326759973
10
88.250000000000014
20
-33.495994326759984
42
0.41421356237313406
10
88.75
20
-33.99599432675997
0
LWPOLYLINE
5
122
100
AcDbEntity
8
0
100
AcDbPolyline
90
8
70
1
43
0.0
10
69.700000000000003
20
-19.995994326759966
42
0.41421356237309764
10
69.200000000000003
20
-20.49599432675997
10
69.200000000000017
20
-33.495994326759977
42
0.41421356237310281
10
69.700000000000003
20
-33.995994326759991
10
82.700000000000017
20
-33.995994326759977
42
0.41421356237308721
10
83.200000000000003
20
-33.495994326759984
10
83.200000000000003
20
-20.495994326759966
42
0.41421356237307944
10
82.700000000000031
20
-19.99599432675998
0
LWPOLYLINE
5
123
100
AcDbEntity
8
0
100
AcDbPolyline
90
8
70
1
43
0.0
10
50.150000000000013
20
-33.495994326759977
42
0.41421356237309764
10
50.650000000000013
20
-33.995994326759977
10
63.65000000000002
20
-33.995994326759977
42
0.41421356237306639
10
64.150000000000006
20
-33.495994326759984
10
64.150000000000006
20
-20.49599432675997
42
0.41421356237311063
10
63.65000000000002
20
-19.995994326759977
10
50.650000000000013
20
-19.995994326759959
42
0.41421356237309764
10
50.150000000000006
20
-20.495994326759973
0
LWPOLYLINE
5
124
100
AcDbEntity
8
0
100
AcDbPolyline
90
8
70
1
43
0.0
10
230.33750000000001
20
-91.145994326759961
42
0.41421356237309503
10
230.83750000000003
20
-90.645994326759961
10
230.83750000000003
20
-77.645994326759947
42
0.41421356237311063
10
230.33750000000001
20
-77.145994326759975
10
217.33750000000001
20
-77.145994326759947
42
0.41421356237312101
10
216.83750000000006
20
-77.64599432675999
10
216.83750000000003
20
-90.645994326759961
42
0.4142135623730222
10
217.33749999999998
20
-91.14599432675999
0
LWPOLYLINE
5
125
100
AcDbEntity
8
0
100
AcDbPolyline
90
8
70
1
43
0.0
10
68.412499999999994
20
-91.14599432675999
42
0.41421356237310025
10
68.912500000000009
20
-90.645994326759975
10
68.912499999999994
20
-77.645994326759947
42
0.41421356237308982
10
68.412499999999994
20
-77.145994326759975
10
55.412499999999987
20
-77.145994326759961
42
0.41421356237311063
10
54.912499999999994
20
-77.64599432675999
10
54.912499999999994
20
-90.645994326759975
42
0.4142135623730846
10
55.41249999999998
20
-91.14599432675999
0
LWPOLYLINE
5
126
100
AcDbEntity
8
0
100
AcDbPolyline
90
8
70
1
43
0.0
10
231.12499999999997
20
-14.445994326759969
42
0.41421356237318996
10
231.625
20
-14.945994326759962
10
244.62500000000006
20
-14.945994326760047
42
0.414213562373004
10
245.12500000000003
20
-14.44599432675998
10
245.125
20
-1.4459943267599766
42
0.41421356237300561
10
244.62500000000006
20
-0.94599432675996842
10
231.625
20
-0.94599432675998263
42
0.41421356237313162
10
231.125
20
-1.4459943267599784
0
LWPOLYLINE
5
127
100
AcDbEntity
8
0
100
AcDbPolyline
90
8
70
1
43
0.0
10
130.82499999999999
20
-1.4459943267599762
42
0.41421356237309437
10
130.32499999999999
20
-0.94599432675997019
10
117.32500000000002
20
-0.9459943267599924
42
0.4142135623731466
10
116.82500000000003
20
-1.4459943267599784
10
116.82500000000002
20
-14.445994326759969
42
0.41421356237302998
10
117.32500000000003
20
-14.945994326759983
10
130.32499999999999
20
-14.945994326759982
42
0.41421356237308982
10
130.82499999999999
20
-14.44599432675998
0
LWPOLYLINE
5
128
100
AcDbEntity
8
0
100
AcDbPolyline
90
8
70
1
43
0.0
10
155.42500000000001
20
-0.94599432675995931
42
0.4142135623730443
10
154.92500000000004
20
-1.445994326759974
10
154.92500000000001
20
-14.445994326759967
42
0.4142135623730534
10
155.42500000000001
20
-14.945994326759982
10
168.42500000000001
20
-14.945994326759964
42
0.41421356237312495
10
168.92500000000001
20
-14.44599432675998
10
168.92499999999998
20
-1.445994326759976
42
0.41421356237300755
10
168.42500000000001
20
-0.94599432675996853
0
LWPOLYLINE
5
129
100
AcDbEntity
8
0
100
AcDbPolyline
90
8
70
1
43
0.0
10
197.78750000000005
20
-71.595994326759978
42
0.4142135623730534
10
198.28749999999999
20
-72.095994326759978
10
211.28749999999999
20
-72.095994326759921
42
0.41421356237305862
10
211.78750000000002
20
-71.595994326759978
10
211.78750000000002
20
-58.595994326759957
42
0.41421356237316787
10
211.28749999999999
20
-58.095994326759964
10
198.28749999999999
20
-58.095994326759921
42
0.41421356237304818
10
197.78750000000002
20
-58.595994326759957
0
LWPOLYLINE
5
130
100
AcDbEntity
8
0
100
AcDbPolyline
90
8
70
1
43
0.0
10
31.600000000000001
20
-19.99599432675997
42
0.41421356237309503
10
31.100000000000001
20
-20.49599432675997
10
31.100000000000001
20
-33.495994326759977
42
0.41421356237309503
10
31.600000000000001
20
-33.995994326759984
10
44.600000000000016
20
-33.995994326759977
42
0.41421356237310025
10
45.100000000000016
20
-33.495994326759984
10
45.099999999999994
20
-20.495994326759966
42
0.4142135623730846
10
44.600000000000009
20
-19.99599432675998
0
LWPOLYLINE
5
131
100
AcDbEntity
8
0
100
AcDbPolyline
90
8
70
1
43
0.0
10
212.07499999999996
20
-14.445994326759969
42
0.41421356237318996
10
212.57499999999999
20
-14.945994326759962
10
225.57500000000002
20
-14.945994326759976
42
0.41421356237313928
10
226.07500000000002
20
-14.44599432675998
10
226.07500000000002
20
-1.4459943267599742
42
0.41421356237314594
10
225.57500000000002
20
-0.94599432675996842
10
212.57499999999999
20
-0.94599432675998263
42
0.41421356237313162
10
212.07499999999999
20
-1.4459943267599784
0
LWPOLYLINE
5
132
100
AcDbEntity
8
0
100
AcDbPolyline
90
8
70
1
43
0.0
10
122.08750000000002
20
-58.095994326759978
42
0.41421356237312101
10
121.58750000000001
20
-58.595994326759957
10
121.58749999999999
20
-71.595994326759978
42
0.41421356237310542
10
122.08750000000002
20
-72.09599432675995
10
135.08750000000001
20
-72.095994326759936
42
0.4142135623730846
10
135.58750000000001
20
-71.595994326759978
10
135.58750000000003
20
-58.595994326759957
42
0.41421356237302737
10
135.08750000000003
20
-58.095994326759964
0
LWPOLYLINE
5
133
100
AcDbEntity
8
0
100
AcDbPolyline
90
8
70
1
43
0.0
10
154.13749999999999
20
-72.09599432675995
42
0.41421356237306384
10
154.63750000000002
20
-71.595994326759978
10
154.63750000000005
20
-58.595994326759957
42
0.414213562373069
10
154.13749999999999
20
-58.095994326759964
10
141.13749999999999
20
-58.095994326759964
42
0.4142135623730846
10
140.63750000000002
20
-58.595994326759957
10
140.63749999999996
20
-71.595994326759978
42
0.41421356237307944
10
141.13749999999999
20
-72.095994326759993
0
LWPOLYLINE
5
134
100
AcDbEntity
8
0
100
AcDbPolyline
90
8
70
1
43
0.0
10
45.387499999999996
20
-71.595994326759978
42
0.4142135623730846
10
45.887500000000003
20
-72.09599432675995
10
58.887500000000017
20
-72.09599432675995
42
0.41421356237307944
10
59.387500000000003
20
-71.595994326759978
10
59.387500000000003
20
-58.595994326759957
42
0.41421356237311063
10
58.887500000000017
20
-58.095994326759964
10
45.887500000000003
20
-58.095994326759978
42
0.41421356237310025
10
45.387500000000003
20
-58.595994326759957
0
LWPOLYLINE
5
135
100
AcDbEntity
8
0
100
AcDbPolyline
90
8
70
1
43
0.0
10
87.962500000000006
20
-39.54599432675996
42
0.4142135623730846
10
87.46250000000002
20
-39.045994326759953
10
74.46250000000002
20
-39.045994326759953
42
0.41421356237312362
10
73.96250000000002
20
-39.545994326759967
10
73.962500000000006
20
-52.545994326759967
42
0.41421356237311063
10
74.462500000000006
20
-53.04599432675996
10
87.462500000000034
20
-53.045994326759981
42
0.41421356237306384
10
87.962500000000006
20
-52.545994326759981
0
LWPOLYLINE
5
136
100
AcDbEntity
8
0
100
AcDbPolyline
90
8
70
1
43
0.0
10
89.725000000000023
20
-92.145994326759975
42
0.4142135623730534
10
90.225000000000023
20
-91.645994326759975
10
90.225000000000009
20
-75.645994326759919
42
0.41421356237303258
10
89.724999999999994
20
-75.145994326759919
10
81.485000000000014
20
-75.145994326759919
42
0.41421356237312101
10
80.985000000000014
20
-75.645994326759933
10
80.985000000000042
20
-91.645994326759961
42
0.41421356237309503
10
81.485000000000056
20
-92.145994326759975
0
LWPOLYLINE
5
137
100
AcDbEntity
8
0
100
AcDbPolyline
90
8
70
1
43
0.0
10
93.012499999999989
20
-52.545994326759981
42
0.41421356237303258
10
93.512500000000003
20
-53.045994326759988
10
106.51250000000005
20
-53.045994326759981
42
0.41421356237306384
10
107.01250000000002
20
-52.545994326759981
10
107.01250000000002
20
-39.545994326759953
42
0.41421356237310281
10
106.51250000000003
20
-39.045994326759967
10
93.512499999999989
20
-39.045994326759988
42
0.41421356237310281
10
93.012500000000017
20
-39.545994326759967
0
LWPOLYLINE
5
138
100
AcDbEntity
8
0
100
AcDbPolyline
90
8
70
1
43
0.0
10
145.11250000000001
20
-39.54599432675996
42
0.41421356237305601
10
144.61250000000001
20
-39.045994326759946
10
131.61250000000001
20
-39.045994326759967
42
0.41421356237311063
10
131.11250000000001
20
-39.545994326759967
10
131.11250000000001
20
-52.545994326759967
42
0.41421356237307944
10
131.61250000000001
20
-53.045994326759981
10
144.61250000000001
20
-53.045994326759967
42
0.414213562373069
10
145.11250000000001
20
-52.545994326759981
0
LWPOLYLINE
5
139
100
AcDbEntity
8
0
100
AcDbPolyline
90
8
70
1
43
0.0
10
4.9062500000000098
20
-52.545994326759981
42
0.41421356237310675
10
5.4062499999999991
20
-53.045994326759967
10
23.168750000000003
20
-53.045994326759967
42
0.41421356237307683
10
23.668750000000003
20
-52.545994326759981
10
23.668749999999999
20
-39.54599432675996
42
0.41421356237309243
10
23.168749999999996
20
-39.045994326759974
10
5.4062499999999947
20
-39.045994326759946
42
0.41421356237308854
10
4.9062500000000142
20
-39.54599432675996
0
LWPOLYLINE
5
140
100
AcDbEntity
8
0
100
AcDbPolyline
90
8
70
1
43
0.0
10
135.875
20
-90.645994326759961
42
0.4142135623730534
10
136.375
20
-91.145994326759961
10
149.375
20
-91.145994326759961
42
0.41421356237307422
10
149.875
20
-90.645994326759961
10
149.875
20
-77.645994326759961
42
0.4142135623730846
10
149.37500000000003
20
-77.145994326759975
10
136.375
20
-77.145994326759961
42
0.414213562373069
10
135.875
20
-77.64599432675999
0
LWPOLYLINE
5
141
100
AcDbEntity
8
0
100
AcDbPolyline
90
8
70
1
43
0.0
10
204.64500000000001
20
-75.525994326759928
42
0.41421356237302737
10
204.14500000000004
20
-75.025994326759857
10
195.90500000000003
20
-75.025994326759914
42
0.41421356237314705
10
195.40500000000003
20
-75.525994326759928
10
195.40500000000003
20
-91.765994326759923
42
0.41421356237313667
10
195.90500000000003
20
-92.265994326759937
10
204.14500000000004
20
-92.265994326759937
42
0.4142135623730846
10
204.64500000000001
20
-91.765994326759923
0
LWPOLYLINE
5
142
100
AcDbEntity
8
0
100
AcDbPolyline
90
8
70
1
43
0.0
10
116.53750000000002
20
-58.595994326759957
42
0.41421356237302737
10
116.03750000000002
20
-58.095994326759957
10
103.03750000000001
20
-58.095994326759978
42
0.41421356237312101
10
102.53749999999999
20
-58.595994326759957
10
102.53749999999998
20
-71.595994326759978
42
0.41421356237310542
10
103.03750000000001
20
-72.09599432675995
10
116.03749999999999
20
-72.095994326759936
42
0.4142135623730846
10
116.53750000000001
20
-71.595994326759978
0
LWPOLYLINE
5
143
100
AcDbEntity
8
0
100
AcDbPolyline
90
8
70
1
43
0.0
10
192.23750000000001
20
-72.095994326759978
42
0.41421356237298057
10
192.73750000000001
20
-71.595994326759978
10
192.73750000000007
20
-58.595994326759957
42
0.41421356237318868
10
192.23750000000001
20
-58.095994326759964
10
179.23750000000001
20
-58.095994326759943
42
0.41421356237314189
10
178.73750000000001
20
-58.595994326759957
10
178.73750000000001
20
-71.595994326759978
42
0.41421356237316787
10
179.23750000000001
20
-72.095994326759993
0
LWPOLYLINE
5
144
100
AcDbEntity
8
0
100
AcDbPolyline
90
8
70
1
43
0.0
10
20.787500000000001
20
-91.14599432675999
42
0.41421356237311063
10
21.287500000000001
20
-90.645994326759975
10
21.287500000000001
20
-77.645994326759947
42
0.4142135623730846
10
20.787499999999994
20
-77.145994326759975
10
7.7875000000000032
20
-77.145994326759961
42
0.41421356237311063
10
7.2875000000000156
20
-77.64599432675999
10
7.2874999999999996
20
-90.645994326759975
42
0.41421356237308526
10
7.7874999999999872
20
-91.14599432675999
0
LWPOLYLINE
5
145
100
AcDbEntity
8
0
100
AcDbPolyline
90
8
70
1
43
0.0
10
96.987500000000026
20
-72.095994326759936
42
0.41421356237310025
10
97.487500000000011
20
-71.595994326759978
10
97.487500000000011
20
-58.595994326759957
42
0.41421356237307944
10
96.987500000000026
20
-58.095994326759964
10
83.987499999999983
20
-58.095994326759985
42
0.4142135623730846
10
83.487499999999983
20
-58.595994326759957
10
83.487499999999983
20
-71.595994326759978
42
0.4142135623730846
10
83.987499999999983
20
-72.09599432675995
0
LWPOLYLINE
5
146
100
AcDbEntity
8
0
100
AcDbPolyline
90
8
70
1
43
0.0
10
164.16250000000005
20
-39.545994326759967
42
0.41421356237313928
10
163.66250000000005
20
-39.045994326759953
10
150.66249999999999
20
-39.045994326759967
42
0.41421356237311063
10
150.16249999999999
20
-39.545994326759967
10
150.16249999999999
20
-52.545994326759967
42
0.41421356237310542
10
150.66249999999999
20
-53.045994326759967
10
163.66250000000011
20
-53.04599432675996
42
0.41421356237315227
10
164.16250000000005
20
-52.545994326759981
0
LWPOLYLINE
5
147
100
AcDbEntity
8
0
100
AcDbPolyline
90
8
70
1
43
0.0
10
44.600000000000001
20
-91.14599432675999
42
0.41421356237307944
10
45.100000000000016
20
-90.645994326759975
10
45.099999999999994
20
-77.645994326759947
42
0.41421356237307944
10
44.600000000000009
20
-77.145994326759975
10
31.600000000000016
20
-77.145994326759961
42
0.41421356237311063
10
31.10000000000003
20
-77.64599432675999
10
31.100000000000001
20
-90.645994326759961
42
0.41421356237304818
10
31.600000000000001
20
-91.145994326759961
0
LWPOLYLINE
5
148
100
AcDbEntity
8
0
100
AcDbPolyline
90
8
70
1
43
0.0
10
241.15000000000006
20
-77.145994326759975
42
0.41421356237310025
10
240.65000000000001
20
-77.645994326759961
10
240.65000000000001
20
-90.645994326759961
42
0.41421356237303258
10
241.15000000000006
20
-91.145994326759961
10
254.14999999999998
20
-91.145994326760004
42
0.41421356237310542
10
254.65000000000001
20
-90.645994326759975
10
254.65000000000001
20
-77.645994326759947
42
0.41421356237307422
10
254.14999999999998
20
-77.14599432675999
0
LWPOLYLINE
5
149
100
AcDbEntity
8
0
100
AcDbPolyline
90
8
70
1
43
0.0
10
221.3125
20
-39.545994326759967
42
0.41421356237317047
10
220.8125
20
-39.045994326759967
10
207.8125
20
-39.045994326759953
42
0.41421356237307683
10
207.31250000000003
20
-39.54599432675996
10
207.31250000000003
20
-52.545994326759967
42
0.41421356237307422
10
207.81250000000003
20
-53.045994326759981
10
220.8125
20
-53.045994326759988
42
0.41421356237313667
10
221.3125
20
-52.545994326759981
0
LWPOLYLINE
5
150
100
AcDbEntity
8
0
100
AcDbPolyline
90
8
70
1
43
0.0
10
160.18749999999997
20
-58.095994326759964
42
0.41421356237306384
10
159.6875
20
-58.595994326759957
10
159.68750000000003
20
-71.595994326759978
42
0.41421356237306384
10
160.18749999999997
20
-72.095994326759936
10
173.1875
20
-72.095994326759978
42
0.41421356237297535
10
173.68750000000003
20
-71.595994326759978
10
173.68750000000003
20
-58.595994326759957
42
0.41421356237312623
10
173.1875
20
-58.095994326759985
0
LWPOLYLINE
5
151
100
AcDbEntity
8
0
100
AcDbPolyline
90
8
70
1
43
0.0
10
22.075000000000003
20
-0.94599432675997686
42
0.41421356237310314
10
21.575000000000003
20
-1.4459943267599762
10
21.575000000000006
20
-14.445994326759973
42
0.41421356237308332
10
22.074999999999996
20
-14.945994326759983
10
35.075000000000003
20
-14.945994326759982
42
0.41421356237308332
10
35.57500000000001
20
-14.44599432675998
10
35.57500000000001
20
-1.4459943267599764
42
0.41421356237309359
10
35.075000000000003
20
-0.94599432675997774
0
LWPOLYLINE
5
152
100
AcDbEntity
8
0
100
AcDbPolyline
90
8
70
1
43
0.0
10
240.36250000000001
20
-39.545994326759967
42
0.41421356237317047
10
239.86250000000001
20
-39.045994326759967
10
226.86250000000001
20
-39.045994326759953
42
0.41421356237307683
10
226.36250000000004
20
-39.54599432675996
10
226.36250000000004
20
-52.545994326759967
42
0.41421356237307422
10
226.86250000000004
20
-53.045994326759981
10
239.86250000000001
20
-53.045994326759988
42
0.41421356237313667
10
240.36250000000001
20
-52.545994326759981
0
LWPOLYLINE
5
153
100
AcDbEntity
8
0
100
AcDbPolyline
90
20
70
1
43
0.0
10
251.262
20
-14.945994326759973
10
250.67500000000001
20
-14.945994326759964
42
-0.41421356237313017
10
250.17500000000001
20
-14.445994326759967
10
250.17499999999998
20
-1.4459943267599784
42
-0.41421356237310381
10
250.67500000000001
20
-0.94599432675998185
10
282.72500000000002
20
-0.94599432675995887
42
-0.41421356237314239
10
283.22500000000002
20
-1.4459943267599757
10
283.22500000000002
20
-14.44599432675998
42
-0.41421356237314444
10
282.72500000000002
20
-14.945994326759999
10
282.13799999999998
20
-14.945994326759974
10
282.13799999999998
20
-15.445994326759978
42
-0.41421356237316659
10
281.63799999999998
20
-15.945994326759966
10
275.63800000000003
20
-15.945994326759985
42
-0.41421356237307549
10
275.13799999999998
20
-15.445994326759976
10
275.13799999999998
20
-14.945994326759973
10
258.262
20
-14.945994326759973
10
258.26200000000006
20
-15.445994326759978
42
-0.41421356237316659
10
257.76200000000006
20
-15.945994326759966
10
251.762
20
-15.945994326759934
42
-0.41421356237314966
10
251.262
20
-15.445994326759976
0
LWPOLYLINE
5
154
100
AcDbEntity
8
0
100
AcDbPolyline
90
8
70
1
43
0.0
10
169.21250000000001
20
-52.545994326759967
42
0.41421356237314705
10
169.71249999999998
20
-53.04599432675996
10
182.71250000000006
20
-53.04599432675991
42
0.41421356237313145
10
183.21250000000003
20
-52.545994326759981
10
183.21250000000003
20
-39.545994326759953
42
0.41421356237310281
10
182.71250000000006
20
-39.045994326759967
10
169.71250000000001
20
-39.045994326759967
42
0.41421356237313928
10
169.21250000000001
20
-39.545994326759967
0
LWPOLYLINE
5
155
100
AcDbEntity
8
0
100
AcDbPolyline
90
8
70
1
43
0.0
10
164.44999999999999
20
-33.495994326759977
42
0.41421356237307161
10
164.95000000000005
20
-33.995994326759977
10
177.94999999999999
20
-33.995994326759977
42
0.41421356237317047
10
178.44999999999999
20
-33.495994326759984
10
178.44999999999999
20
-20.495994326759966
42
0.41421356237313667
10
177.94999999999999
20
-19.995994326759959
10
164.95000000000005
20
-19.995994326759948
42
0.41421356237307683
10
164.44999999999999
20
-20.49599432675997
0
LWPOLYLINE
5
156
100
AcDbEntity
8
0
100
AcDbPolyline
90
8
70
1
43
0.0
10
68.912499999999994
20
-39.545994326759953
42
0.41421356237309764
10
68.412500000000009
20
-39.045994326759981
10
55.412500000000016
20
-39.045994326759953
42
0.41421356237309243
10
54.912500000000009
20
-39.54599432675996
10
54.912500000000009
20
-52.545994326759967
42
0.41421356237309503
10
55.412500000000016
20
-53.045994326759967
10
68.412499999999994
20
-53.04599432675996
42
0.41421356237310542
10
68.912499999999994
20
-52.545994326759981
0
LWPOLYLINE
5
157
100
AcDbEntity
8
0
100
AcDbPolyline
90
8
70
1
43
0.0
10
188.76249999999999
20
-39.04599432675996
42
0.41421356237310281
10
188.26249999999993
20
-39.54599432675996
10
188.26249999999999
20
-52.545994326759967
42
0.41421356237312623
10
188.76249999999999
20
-53.04599432675996
10
201.76250000000007
20
-53.04599432675996
42
0.41421356237315227
10
202.26249999999999
20
-52.545994326759981
10
202.26249999999999
20
-39.545994326759967
42
0.41421356237313928
10
201.76249999999999
20
-39.045994326759953
0
LWPOLYLINE
5
158
100
AcDbEntity
8
0
100
AcDbPolyline
90
8
70
1
43
0.0
10
125.5625
20
-53.045994326759967
42
0.414213562373069
10
126.0625
20
-52.545994326759981
10
126.06250000000001
20
-39.54599432675996
42
0.41421356237305601
10
125.5625
20
-39.045994326759946
10
112.56250000000001
20
-39.045994326759967
42
0.41421356237311063
10
112.0625
20
-39.545994326759967
10
112.0625
20
-52.545994326759967
42
0.41421356237310542
10
112.56250000000001
20
-53.045994326759967
0
LWPOLYLINE
5
159
100
AcDbEntity
8
0
100
AcDbPolyline
90
8
70
1
43
0.0
10
64.9375
20
-58.095994326759964
42
0.41421356237307422
10
64.437500000000014
20
-58.595994326759957
10
64.437500000000014
20
-71.595994326759978
42
0.4142135623730846
10
64.9375
20
-72.09599432675995
10
77.9375
20
-72.095994326759936
42
0.41421356237311063
10
78.4375
20
-71.595994326759978
10
78.4375
20
-58.595994326759957
42
0.41421356237310025
10
77.9375
20
-58.095994326759964
0
LWPOLYLINE
5
160
100
AcDbEntity
8
0
100
AcDbPolyline
90
8
70
1
43
0.0
10
159.40000000000003
20
-20.495994326759966
42
0.41421356237309243
10
158.90000000000001
20
-19.99599432675998
10
145.90000000000001
20
-19.995994326759966
42
0.414213562373069
10
145.40000000000001
20
-20.49599432675997
10
145.40000000000001
20
-33.495994326759977
42
0.41421356237306384
10
145.90000000000001
20
-33.995994326759977
10
158.90000000000001
20
-33.995994326759977
42
0.41421356237308982
10
159.40000000000001
20
-33.495994326759984
0
LWPOLYLINE
5
161
100
AcDbEntity
8
0
100
AcDbPolyline
90
8
70
1
43
0.0
10
203.05000000000007
20
-19.995994326759963
42
0.41421356237307422
10
202.55000000000001
20
-20.49599432675997
10
202.55000000000001
20
-33.495994326759977
42
0.41421356237307161
10
203.05000000000007
20
-33.995994326759998
10
216.05000000000004
20
-33.995994326759977
42
0.41421356237313145
10
216.55000000000004
20
-33.495994326759984
10
216.55000000000001
20
-20.495994326759966
42
0.4142135623730378
10
216.05000000000004
20
-19.995994326759966
0
LWPOLYLINE
5
162
100
AcDbEntity
8
0
100
AcDbPolyline
90
92
70
1
43
0.0
10
37.099999999999994
20
4.8790056732400231
42
0.4142135623730947
10
36.599999999999994
20
5.3790056732400204
10
35.928427124746193
20
5.3790056732400249
42
0.19891236737965751
10
34.514213562373094
20
4.7932192356131127
10
31.88578643762693
20
2.1647921108669426
42
-0.19891236737965776
10
30.471572875253838
20
1.5790056732400357
10
1.9999999999999929
20
1.5790056732400048
42
0.41421356237309775
10
8.8817841970012523e-15
20
-0.42099432676000498
10
0
20
-91.670994326759939
42
0.41421356237309437
10
1.9999999999999929
20
-93.670994326759939
10
40.496572875253811
20
-93.670994326759924
42
-0.19891236737966042
10
41.910786437626932
20
-94.25678076438686
10
44.039213562373085
20
-96.385207889133056
42
0.19891236737966164
10
45.453427124746199
20
-96.970994326759978
10
46.125000000000014
20
-96.970994326759978
42
0.41421356237311585
10
46.625000000000007
20
-96.470994326759993
10
46.625000000000014
20
-94.670994326759995
42
-0.99999999999999989
10
48.624999999999972
20
-94.670994326759995
10
48.625000000000007
20
-96.470994326759993
42
0.41421356237312101
10
49.125000000000014
20
-96.970994326760007
10
49.796572875253837
20
-96.970994326759978
42
0.19891236737966225
10
51.210786437626943
20
-96.385207889133085
10
53.339213562373089
20
-94.256780764386889
42
-0.19891236737965962
10
54.753427124746196
20
-93.670994326759981
10
135.74782290766038
20
-93.670994326759981
42
-0.19891236737965801
10
137.16203647003346
20
-94.256780764386875
10
139.29046359477957
20
-96.385207889133028
42
0.19891236737965898
10
140.7046771571527
20
-96.970994326759964
10
141.37625003240652
20
-96.97099432675995
42
0.41421356237306384
10
141.87625003240652
20
-96.47099432675995
10
141.87625003240652
20
-94.670994326759953
42
-0.99999999999999989
10
143.87625003240652
20
-94.670994326759953
10
143.87625003240652
20
-96.47099432675995
42
0.41421356237310542
10
144.37625003240652
20
-96.970994326759978
10
145.04782290766033
20
-96.97099432675995
42
0.19891236737965901
10
146.46203647003344
20
-96.385207889133028
10
148.59046359477955
20
-94.256780764386889
42
-0.19891236737965962
10
150.00467715715266
20
-93.670994326759981
10
230.99657287525389
20
-93.670994326759981
42
-0.19891236737965801
10
232.410786437627
20
-94.256780764386875
10
234.53921356237305
20
-96.385207889132985
42
0.19891236737966295
10
235.95342712474616
20
-96.970994326759964
10
236.62499999999994
20
-96.970994326759921
42
0.41421356237310542
10
237.12499999999994
20
-96.47099432675995
10
237.12499999999994
20
-94.670994326759882
42
-0.99999999999999989
10
239.12499999999991
20
-94.670994326759924
10
239.12499999999997
20
-96.470994326759936
42
0.41421356237309503
10
239.625
20
-96.97099432675995
10
240.2965728752537
20
-96.970994326759921
42
0.19891236737964718
10
241.71078643762681
20
-96.385207889133042
10
243.83921356237306
20
-94.25678076438686
42
-0.19891236737965476
10
245.25342712474611
20
-93.670994326759981
10
283.75000000000006
20
-93.670994326759939
42
0.41421356237308982
10
285.75000000000006
20
-91.67099432675991
10
285.75000000000006
20
-0.42099432675996695
42
0.4142135623731234
10
283.75000000000006
20
1.5790056732400173
10
255.27842712474612
20
1.5790056732400226
42
-0.1989123673796579
10
253.86421356237304
20
2.1647921108669261
10
251.23578643762693
20
4.7932192356130807
42
0.19891236737966705
10
249.82157287525382
20
5.379005673240024
10
249.14999999999998
20
5.3790056732400169
42
0.41421356237304396
10
248.64999999999998
20
4.8790056732400187
10
248.64999999999995
20
2.5790056732400366
42
-0.99999999999999989
10
246.64999999999998
20
2.5790056732399949
10
246.64999999999995
20
4.8790056732400187
42
0.41421356237307522
10
246.14999999999998
20
5.3790056732399911
10
245.47842712474616
20
5.3790056732400169
42
0.19891236737963813
10
244.06421356237308
20
4.7932192356131056
10
241.43578643762686
20
2.1647921108669266
42
-0.19891236737965834
10
240.02157287525378
20
1.5790056732400195
10
150.5034271247462
20
1.5790056732400226
42
-0.19891236737965776
10
149.08921356237312
20
2.1647921108669261
10
146.46078643762695
20
4.7932192356131136
42
0.19891236737965803
10
145.04657287525384
20
5.3790056732400355
10
144.37500000000003
20
5.379005673240032
42
0.41421356237310514
10
143.875
20
4.8790056732400302
10
143.875
20
2.5790056732400455
42
-0.99999999999999989
10
141.87500000000003
20
2.5790056732400171
10
141.875
20
4.8790056732400311
42
0.41421356237307294
10
141.375
20
5.3790056732400355
10
140.70342712474621
20
5.379005673240032
42
0.19891236737965809
10
139.28921356237311
20
4.793219235613134
10
136.66078643762691
20
2.1647921108669275
42
-0.19891236737965834
10
135.24657287525383
20
1.5790056732400206
10
45.728427124746212
20
1.5790056732400204
42
-0.19891236737966009
10
44.314213562373098
20
2.1647921108669315
10
41.685786437626916
20
4.7932192356131207
42
0.19891236737965842
10
40.27157287525381
20
5.3790056732400178
10
39.600000000000016
20
5.3790056732400249
42
0.4142135623730947
10
39.100000000000016
20
4.8790056732400231
10
39.100000000000001
20
2.5790056732400131
42
-0.99999999999999989
10
37.100000000000009
20
2.5790056732400006
0
LWPOLYLINE
5
163
100
AcDbEntity
8
0
100
AcDbPolyline
90
28
70
1
43
0.0
10
153.17279220613577
20
-91.14599432675999
42
0.19891236737960691
10
152.81923881554249
20
-91.292440936166699
10
151.89273596681124
20
-92.218943784897931
42
-0.19878370804690573
10
150.47951252899526
20
-92.804729977438157
10
135.27213355323406
20
-92.812258578047135
42
-0.19878370804690515
10
133.85833080691913
20
-92.227871939702624
10
132.92069499827127
20
-91.29209104761776
42
0.19865505504466932
10
132.5674918428318
20
-91.145994326759933
10
94.870000000000019
20
-91.14599432675999
42
-0.41421356237309764
10
92.870000000000033
20
-89.145994326759975
10
92.870000000000033
20
-79.145994326759961
42
-0.4142135623730937
10
94.870000000000019
20
-77.145994326759975
10
131.35000000000002
20
-77.145994326759975
42
-0.41421356237309503
10
133.35000000000002
20
-79.145994326759961
10
133.35000000000002
20
-90.382897604133319
42
0.19916970505444459
10
133.49679684456055
20
-90.736800883275549
10
134.18907358957162
20
-91.427708103372268
42
0.19878370804690912
10
135.60287633588655
20
-92.01209474171678
10
150.14797764669711
20
-92.004894009837841
42
0.19878370804690568
10
151.56120108451313
20
-91.419107817297615
10
152.25355339059328
20
-90.726755511217462
42
0.1989123673795884
10
152.40000000000003
20
-90.373202120624185
10
152.39999999999998
20
-79.145994326759961
42
-0.4142135623730937
10
154.40000000000001
20
-77.145994326759975
10
190.88
20
-77.145994326759975
42
-0.41421356237309503
10
192.88
20
-79.145994326759961
10
192.88
20
-89.145994326759975
42
-0.41421356237309764
10
190.88
20
-91.14599432675999
0
ENDSEC
0
SECTION
2
OBJECTS
0
DICTIONARY
5
C
100
AcDbDictionary
3
ACAD_GROUP
350
D
3
ACAD_MLINESTYLE
350
17
0
DICTIONARY
5
D
100
AcDbDictionary
0
DICTIONARY
5
1A
330
C
100
AcDbDictionary
0
DICTIONARY
5
17
100
AcDbDictionary
0
ENDSEC
0
EOF
